1 0 .36343127862963287479
2 0 .08729341909112767492
.22536234886038027485
1002 1 1.14891723076923076923
1005 1 1.67144552808988764044
1007 1 .75052656650068519661
1010 1 .26187419672013234553
1013 1 .10098481351981351981
1016 1 .16797426308443824145
1017 1 .63427899093618969805
1065 1 2.20008508070175438596
1103 1 .97013609278350515463
1128 1 .17438455088495575221
1174 1 1.34547055032386646736
1208 1 .19501555740975875204
1217 1 .07476796800000000000
1225 1 1.57459293293431553100
1607 1 .20397258783715054135
1835 1 .14946498090241343126
1895 1 2.16164646500000000000
277388 1 .26833019318181818181
277390 1 .10471913479052823315
300748 1 .21035116111111111111
322623 1 .07961891819371727748
526 1 .35671925090920691635
558 1 .33490284724689165186
901 1 .37804673806354731920
902 1 .30332348090107737512
968 1 .12560851356993736951
969 1 .12641132843061520872
971 1 .12566734561255957387
972 1 .11910429104477611940
973 1 .14224897562480715828
976 1 1.42487773171271345095
978 1 .43681813566563032078
984 1 1.37490807482367371971
986 1 .26436526837060702875
992 1 .22034945281225539528
994 1 .07667680474634001861
995 1 .02936002083333333333
999 1 .05851331683168316831
.53543314054934019364
10 2 .00058300000000000000
11 2 .00043600000000000000
115 2 0
116 2 0
117 2 0
118 2 .00117000000000000000
119 2 0
120 2 0
121 2 0
12 2 .01866566591623671069
122 2 0
124 2 .00061700000000000000
127 2 .01762638246953940384
129 2 1.21701873224217384395
130 2 .00176450000000000000
13 2 .02303477091275321164
133 2 .00187150000000000000
134 2 .00364333333333333333
135 2 .00177666666666666666
136 2 .00172500000000000000
1370 2 .00574550000000000000
137 2 .00154066666666666666
138 2 .00206800000000000000
140 2 .04317750000000000000
14 2 .02007691477238649313
143 2 .00237150000000000000
146 2 .01666442420704473857
15 2 .00115166666666666666
153 2 .00238550000000000000
156 2 .00221800000000000000
16 2 .02780727272727272727
164 2 .02788000000000000000
17 2 .02514445454545454545
18 2 .00025466666666666666
19 2 .02176438136849805262
20 2 .01670778759632575057
221 2 .01668493396860169914
22 2 .00207860000000000000
222 2 .00454200000000000000
223 2 .00265400000000000000
224 2 .00246550000000000000
225 2 .00624250000000000000
227 2 .00602900000000000000
229 2 .00426950000000000000
23 2 .01114477272727272727
24 2 0
247 2 .01764162215746333629
25 2 .02181329823005281619
252 2 .03621081256530321278
253 2 .04706350476190476190
254 2 .02400990243902439024
255 2 .00999960000000000000
256 2 .01770421668478195955
26 2 .01406424578881571316
271936 2 .02487136737292285593
28 2 .00278640000000000000
284 2 .00305600000000000000
29 2 .00981004545454545454
30 2 0
31 2 .02119982784539738836
314660 2 .03066129744279946164
316840 2 .10856410448793989719
316859 2 .10281746511627906976
316861 2 .10308023115845539280
316875 2 .09868111776748195237
316879 2 .10158739471954425942
316895 2 .01840866666666666666
316896 2 .02692073170731707317
316930 2 .01023350000000000000
317732 2 .09887626934097421203
318 2 .01685493235930878279
318221 2 .04611400044069041498
318422 2 .08964696673320026613
318794 2 .02409980514046622833
318876 2 .03720245295202952029
319085 2 .03022828680851063829
319274 2 .02769377938553022794
319280 2 .04077348811313401258
319570 2 .08649403278688524590
319625 2 .02549848501529051987
3 2 .00096950000000000000
320223 2 .02588951983532934131
320871 2 .02396253614982578397
320971 2 .01064229680280418503
321053 2 .03464847599380485286
321651 2 .02232226773049645390
321716 2 .01350617557932263814
321754 2 .02083070000000000000
321755 2 .03111547558593750000
321795 2 .06339968176795580110
321852 2 .03511394594594594594
321853 2 .03920403361344537815
32 2 .01643595802413992630
322240 2 .02379210135674381484
322382 2 .02386297854477611940
322426 2 .02768241935483870967
322468 2 .03545720000000000000
322604 2 .01731172422464375523
322619 2 .00610480000000000000
34 2 .01037440000000000000
35 2 .06179713636363636363
36 2 0
37 2 .02198816527222519886
38 2 .01409190797893425448
40 2 .00221450000000000000
406 2 .03509300000000000000
41 2 .00970777272727272727
413 2 .00168200000000000000
414 2 .00136950000000000000
415 2 .03990577504872417796
418 2 .03564450000000000000
4 2 .00057700000000000000
42 2 0
431 2 .01739456899552583706
43 2 .02095102895629820051
44 2 .01367266491065927295
46 2 .01971920000000000000
471 2 .01687287541086128159
47 2 .01682459090909090909
476 2 .08188481158951043051
477 2 .00197400000000000000
48 2 0
49 2 .02074613292231812577
50 2 .01313039826542214230
52 2 .00337240000000000000
53 2 .01008940909090909090
54 2 .00051366666666666666
55 2 .02418296614253624668
56 2 .01388744718715818724
566 2 .01479021428571428571
58 2 .00285033333333333333
59 2 .02504161995753715498
60 2 .00064650000000000000
610 2 .01899754308722024681
61 2 0
612 2 .01148842857142857142
613 2 .02824193434343434343
6 2 .00396125000000000000
62 2 .01813683606557377049
624 2 .01138930487804878048
631 2 .00376150000000000000
63 2 .42061664559386973180
64 2 0
642 2 .02501494448917516550
644 2 .02036211811652035115
650 2 .03466135043723210554
651 2 .06049559472684937826
65 2 0
652 2 .06848299713833298357
653 2 .05628811179530215056
654 2 .05567407681609654942
655 2 .07293673366009888684
656 2 .05812615929290576390
657 2 .06058136928290603023
658 2 .07430648810049659344
659 2 .07522800000000000000
66 2 .06855515122197940107
662 2 .01556100000000000000
663 2 .00996807317073170731
671 2 .00379000000000000000
67 2 0
672 2 .00243500000000000000
68 2 0
711 2 .01068172058823529411
713 2 .00443450000000000000
714 2 .00197200000000000000
727 2 .17322001929870797545
729 2 .11980788216071531204
7292 2 .02786562782103734987
798 2 .01470184782608695652
799 2 .01867197826086956521
800 2 .00270150000000000000
853 2 .00385700000000000000
854 2 .00307250000000000000
855 2 .00222500000000000000
856 2 .00888752997210797522
9 2 .00051700000000000000
.03183383298382250095
1018 971 .03428566666666666666
.03428566666666666666
1169 1128 .18716593621197252208
.18716593621197252208
1213 1169 .18194528358208955223
.18194528358208955223
103263 1174 .22233432334842679670
103270 1174 .07993980000000000000
1175 1174 .14267900000000000000
1200 1174 .11113154406145128578
1202 1174 .22999578254716981132
1216 1174 .17940605063095733352
1230 1174 .16589232847682119205
12328 1174 .25772404687500000000
12330 1174 .02594495555555555555
1242 1174 .18915864285714285714
1259 1174 .16555962028047464940
1285 1174 .10768310801393728222
1292 1174 .09098647620935765265
1336 1174 .14348210294117647058
1342 1174 .08859386677631578947
1347 1174 .13368527380952380952
1351 1174 .07790756497175141242
1460 1174 .06825807272727272727
1495 1174 .07183776282051282051
1507 1174 .05141328375990339587
1514 1174 .05720255319148936170
1520 1174 .15270015632024900570
1534 1174 .32515198205754915437
1564 1174 .10283831920833071952
156493 1174 .32533945351522638165
1568 1174 .20155590427433229217
157184 1174 .13150522222222222222
157187 1174 1.37080194736842105263
1581 1174 .20766036643835616438
158216 1174 .13826611111111111111
158219 1174 1.01785164000000000000
1583 1174 .24063463251670378619
1592 1174 .11618178915874692009
1600 1174 .60884339914586070959
1603 1174 .23717391647684130599
161654 1174 .17234027548065180222
161874 1174 .21071329411764705882
161902 1174 .06004391666666666666
161904 1174 .14588056530390738060
1628 1174 .08763461352002408912
1661 1174 .06832976735370765221
1674 1174 .48160712807881773399
1690 1174 .05043375278238219275
1693 1174 .19437310640367139774
1697 1174 .19430747007923269391
1700 1174 2.37522611506643268989
1703 1174 .08102454274227676682
1704 1174 .10477789081802200977
1708 1174 .11859904516344229486
1712 1174 .05252402368159203980
1713 1174 .04792669118600129617
1714 1174 .05036353119647663322
1715 1174 .08240439403092700905
1716 1174 .05111218952197006277
1720 1174 .05306008327316486161
1724 1174 .05300737468528267338
1725 1174 .08260618303650149885
1728 1174 .05213186645507812500
1729 1174 .10623095243474401904
1869 1174 .16719231222707423580
243059 1174 .13540766666666666666
243062 1174 1.39262333333333333333
264415 1174 .36129806603248776145
264647 1174 .38285644444444444444
264650 1174 3.97372752941176470588
2786 1174 .02899269982421673043
2790 1174 .01498953061224489795
2792 1174 .02721367405780188096
3052 1174 .05904239509360877985
3063 1174 .16769525307695051906
320282 1174 .42260433333333333333
323900 1174 1.73654222580645161290
38925 1174 .01365929545454545454
38926 1174 .03700403571428571428
38928 1174 .09220341935483870967
39204 1174 .63810166348448687350
5039 1174 .13995574896929064077
5040 1174 .09610165314769975786
87083 1174 .10081084573315447322
87131 1174 .06949934090909090909
87161 1174 .02243427777777777777
87163 1174 .13868311929020207165
.28088559312808003612
11818 1208 .52775258441558441558
.52775258441558441558
1219 1213 .22689092025137660391
1381 1213 .16265825229357798165
.19477458627247729278
103244 1230 .59978248255813953488
1954 1230 .09592934171428571428
42803 1230 .15171423312883435582
42822 1230 .11359625813953488372
5185 1230 .19077138810198300283
.23035874072855549830
1472 1381 .05621320370565878378
.05621320370565878378
1500 1495 .10982947917074763303
.10982947917074763303
1698 1520 .05084806779661016949
1731 1520 .53226154787234042553
1738 1520 .12637952400379506641
1748 1520 .09919468635826592747
3720 1520 .92171575288965331737
.34607991578413298125
12317 1534 .38675060906092764253
1557 1534 .50127551225816399402
319225 1534 .44377756466069142125
320273 1534 .20423468141592920353
.38400959184892806533
1561 1557 .13233520000000000000
1562 1557 .09423909400160860178
1767 1557 .16723657567307030227
.13127028989155963468
12324 12317 .01677586666666666666
12325 12317 .05298012014925373134
12336 12317 .23716438888888888888
12337 12317 .44709240000000000000
12366 12317 .14579149510821227394
13711 12317 .06702573641242381929
.16113833453757423001
87694 12336 .12714178136709229146
.12714178136709229146
12338 12337 .04079685416666666666
12341 12337 .37880213646204343878
.20979949531435505272
100239 12341 .13554026227750375294
103682 12341 .58892487585538321167
103695 12341 .56475117411695735013
103784 12341 1.07990097782470960929
103798 12341 .36712584768389929217
103818 12341 .50885043771997596360
103852 12341 .51043557439118836588
108464 12341 .51618370231579526389
108478 12341 .51214289750139374588
110344 12341 .38317219587628865979
12368 12341 .27997134814999421455
12531 12341 .40596077054149218476
12544 12341 .12819612808469988855
12557 12341 .21981530249170133198
12826 12341 .41659340179042558998
12965 12341 .28873058282614559800
149356 12341 .80270850192431045542
150608 12341 .34651905089323919554
156426 12341 .60890858066990539503
157304 12341 .89268247016736936246
157399 12341 .19661566615620214395
159293 12341 .79987209058098591549
161552 12341 .72427563687215090999
164277 12341 .44558491158909261871
16724 12341 .41806170712118325268
261868 12341 .84073986982898705410
264440 12341 .24242147620842924041
264504 12341 .21655195931252192213
264562 12341 .37551508727615457115
268173 12341 .48188519534234362520
270509 12341 .82712079538795955013
271762 12341 1.05063124934483310161
302963 12341 .80729667514441141831
303026 12341 .64090644700849243343
304404 12341 .61306101580075431571
320398 12341 1.09155510876002334277
321873 12341 .87013238968347010550
321893 12341 .59552889327485380116
321951 12341 .24076141304347826086
37132 12341 .15645987819077474249
.52980228872573701893
87092 87083 1.36453219721952796637
1.36453219721952796637
87164 87131 .05842017705518857873
.05842017705518857873
87700 87694 .03563812903225806451
.03563812903225806451
157185 157184 .14331302357008170961
.14331302357008170961
157196 157187 .81154871428571428571
.81154871428571428571
158217 158216 .14667718984902023771
.14667718984902023771
158228 158219 .93575909090909090909
.93575909090909090909
161656 161654 .21957273394495412844
161657 161654 .21112537804878048780
161689 161654 2.74915387500000000000
161706 161654 .76949694230494805212
161780 161654 .55587582098710735013
.90104495005715800369
316974 161656 .71201801901087663846
.71201801901087663846
161767 161706 .32083783283132530120
161809 161706 .27216058789517158519
.29649921036324844319
161800 161780 .30766675673307277349
.30766675673307277349
161869 161800 2.24006979697718354890
2.24006979697718354890
323927 161869 2.21332680000000000000
2.21332680000000000000
161905 161874 .06138123947282667728
.06138123947282667728
243060 243059 .13212154016913319238
.13212154016913319238
243071 243062 .94229576666666666666
.94229576666666666666
264648 264647 .13266004930847865303
.13266004930847865303
264659 264650 1.55537425000000000000
1.55537425000000000000
320285 320273 1.36309277777777777777
1.36309277777777777777
320283 320282 .12667165782122905027
.12667165782122905027
320286 320285 .55314185762897313857
320294 320285 .47708832751091703056
.51511509256994508456
323928 323927 .08747143656716417910
.08747143656716417910
