1 0 .36293084498186215235
2 0 .04656612315270935960
3 2 .00096950000000000000
4 2 .00057700000000000000
6 2 .00396125000000000000
9 2 .00051700000000000000
10 2 .00058300000000000000
11 2 .00043600000000000000
12 2 .01206480298640517049
13 2 .01875569984906152929
14 2 .01800248257515296621
15 2 .00115166666666666666
16 2 .02780727272727272727
17 2 .02514445454545454545
18 2 .00025466666666666666
19 2 .05211131532812129827
20 2 .01024023583597464342
22 2 .00207860000000000000
23 2 .01114477272727272727
24 2 0
25 2 .05751625462342535513
26 2 .01048919483500717360
28 2 .00278640000000000000
29 2 .00981004545454545454
30 2 0
31 2 .05582849765135699373
32 2 .01084312812728985658
34 2 .01037440000000000000
35 2 .06179713636363636363
36 2 0
37 2 .05765476306230790723
38 2 .01149872958662331630
40 2 .00221450000000000000
41 2 .00970777272727272727
42 2 0
43 2 .05654913377926421404
44 2 .00919674040738986262
46 2 .01971920000000000000
47 2 .01682459090909090909
48 2 0
49 2 .05739124636871508379
50 2 .00814870387385150235
52 2 .00337240000000000000
53 2 .01008940909090909090
54 2 .00051366666666666666
55 2 .06086718533886583679
56 2 .01047816440858578170
58 2 .00285033333333333333
59 2 .01196141605839416058
60 2 .00064650000000000000
61 2 0
62 2 .01065718750000000000
63 2 .28688141025641025641
64 2 0
65 2 0
66 2 .02754123302322174199
67 2 0
68 2 0
115 2 0
116 2 0
117 2 0
118 2 .00117000000000000000
119 2 0
120 2 0
121 2 0
122 2 0
124 2 .00061700000000000000
127 2 .01566149812797105717
129 2 1.91478104419889502762
130 2 .00176450000000000000
133 2 .00187150000000000000
134 2 .00364333333333333333
135 2 .00177666666666666666
136 2 .00172500000000000000
137 2 .00154066666666666666
138 2 .00206800000000000000
140 2 .04317750000000000000
143 2 .00237150000000000000
146 2 .01479944573223856166
153 2 .00238550000000000000
156 2 .00221800000000000000
164 2 .02788000000000000000
221 2 .01421200688414647687
222 2 .00454200000000000000
223 2 .00265400000000000000
224 2 .00246550000000000000
225 2 .00624250000000000000
227 2 .00602900000000000000
229 2 .00426950000000000000
247 2 .01623397797166098136
252 2 .03176916181633892997
253 2 .04599518181818181818
254 2 .02630966666666666666
255 2 .00182850000000000000
256 2 .01489042893589005020
284 2 .00305600000000000000
318 2 .01491404752230822639
406 2 .03509300000000000000
413 2 .00168200000000000000
414 2 .00136950000000000000
415 2 .02613918228677640025
418 2 .03564450000000000000
431 2 .01541476537107258938
471 2 .01383325811114680372
476 2 .06970015947609692206
477 2 .00197400000000000000
526 1 .32338388717844845047
558 1 .74598072166427546628
566 2 .01479021428571428571
610 2 .01484909776055124892
612 2 .01148842857142857142
613 2 .03066128085106382978
614 2 .01345258139534883720
624 2 .01138930487804878048
631 2 .00376150000000000000
642 2 .02514007079217509200
644 2 .01736828112033195020
650 2 .03004446958336117092
651 2 .06936386608908560128
652 2 .09629195839142878109
653 2 .07335320815024805102
654 2 .07084317128805223437
655 2 .11612321650354370570
656 2 .10166223085221143473
657 2 .08840095369885199828
658 2 .14823732677888293802
659 2 .02099190909090909090
662 2 .01556100000000000000
663 2 .00996807317073170731
671 2 .00379000000000000000
672 2 .00243500000000000000
711 2 .01068172058823529411
713 2 .00443450000000000000
714 2 .00197200000000000000
727 2 .15757243102575011649
729 2 .11301574911534899185
798 2 .02426716666666666666
799 2 .01385866666666666666
800 2 .00270150000000000000
853 2 .00385700000000000000
854 2 .00307250000000000000
855 2 .00222500000000000000
856 2 .00701838095238095238
901 1 .26496949895068205666
902 1 .49925135813953488372
968 1 .17100512582781456953
969 1 .10795196178298954506
971 1 .10206906327683615819
972 1 .17507842156862745098
973 1 .12942968000000000000
975 1 .14702081147540983606
976 1 .74745213997957330912
978 1 .29714597512763043207
984 1 .96031272192151556156
986 1 .30167085347985347985
992 1 .16719984601043997017
994 1 .06768302511383039271
995 1 .11580975000000000000
999 1 .10414839655172413793
1002 1 1.14891723076923076923
1005 1 1.10836569230769230769
1007 1 .59240173048848961257
1010 1 .11139078735842162952
1013 1 .12318285483870967741
1016 1 .24825922992700729927
1017 1 .53951013630017452006
1018 971 .03428566666666666666
1065 1 2.20008508070175438596
1090 1 .07324125482625482625
1099 975 .29190763636363636363
1103 1 .41064718823529411764
1128 1 .19182567924528301886
1169 1128 .15789263725490196078
1174 1 .82799965210484511517
1175 1174 .14267900000000000000
1200 1174 .12309712898688557413
1202 1174 .35063195207148659626
1208 1 .12688020095923261390
1213 1169 .43935751851851851851
1216 1174 .14186411660826136144
1217 1 .14811217142857142857
1219 1213 .11695091803818468489
1225 1 .99614402668759811616
1230 1174 .16269129191321499013
1242 1174 .18915864285714285714
1259 1174 .23959193607305936073
1285 1174 .13742479357798165137
1292 1174 .11684397815912636505
1336 1174 .33890392857142857142
1342 1174 .09181752608695652173
1347 1174 .09020136363636363636
1351 1174 .08800928054298642533
1370 2 .00574550000000000000
1381 1213 .19766993258426966292
1460 1174 .23154060000000000000
1472 1381 .05048190028490028490
1495 1174 .16616452000000000000
1500 1495 .08016013232281851700
1507 1174 .04098986112296422729
1514 1174 .33540500000000000000
1520 1174 .14369247037231253277
1534 1174 .26901790800150275641
1557 1534 .23608139190498942051
1561 1557 .29677360000000000000
1562 1557 .11017552948291502872
1564 1174 .10813108132102272727
1568 1174 .18075681261061946902
1581 1174 .16657177611940298507
1583 1174 .23517042032967032967
1592 1174 .19562274681238615664
1600 1174 .49842627333333333333
1603 1174 .24530199906716417910
1607 1 .13599333183198910652
1628 1174 .12428824128686327077
1661 1174 .12008764190981432360
1674 1174 .46342655491329479768
1690 1174 .06498834915254237288
1693 1174 .17550050063331222292
1697 1174 .34584298678414096916
1698 1520 .25735850000000000000
1700 1174 1.27301050606796116504
1703 1174 .13529555327166837958
1704 1174 .12748745405037440435
1708 1174 .15499160665478312537
1712 1174 .06986391500000000000
1713 1174 .05520532142857142857
1714 1174 .05996679291044776119
1715 1174 .05960198733927779693
1716 1174 .06866316129032258064
1720 1174 .07078949837133550488
1724 1174 .06102764094955489614
1725 1174 .14920391075926592299
1728 1174 .06978629246935201401
1729 1174 .18775951735978634109
1731 1520 .67445237837837837837
1738 1520 .34937305732484076433
1748 1520 .16931849305019305019
1767 1557 .14394587488931715193
1835 1 .42027923114355231143
1869 1174 .29014426250000000000
1895 1 2.69977720625000000000
1954 1230 .08616809004739336492
2786 1174 .03683944921552436003
2790 1174 .02382780000000000000
2792 1174 .02648838922433813283
2881 1174 .44783407160216862965
3052 1174 .05381043956889915319
3063 1174 .24853138097514340344
3720 1520 1.41002099699902329608
5039 1174 .17635758817005545286
5040 1174 .16250614341252699784
5185 1230 .22324118118466898954
7020 1174 .21895566929799830842
7030 7020 1.49132073288058856819
7069 1174 .18545033333333333333
7099 1174 .07842450000000000000
7101 1174 .12298774607916355489
7102 7069 .05270995982276960048
7292 2 .02630414213632087573
11818 1208 1.26819555555555555555
12317 1534 .28544334510616583762
12324 12317 .10167680000000000000
12325 12317 .05728727868852459016
12328 1174 .25779862500000000000
12330 1174 .16988140000000000000
12336 12317 .79343263636363636363
12337 12317 1.66960540000000000000
12338 12337 .21283800000000000000
12341 12337 .31203913557288542291
12366 12317 .21060418552036199095
12368 12341 .20103439362220058422
12499 12341 .82505396168159889731
12531 12341 .31071230646919987301
12544 12341 .13781689224489795918
12557 12341 .19767918359233827249
12734 12341 .25186880173661360347
12826 12341 .42649463207739307535
12891 12341 .69165123197414221780
12965 12341 .31089472268870426020
13705 12341 .15137746279373368146
13711 12317 .06717226974512458728
13740 12341 .93214178363884806765
16587 12341 .45021099417565151433
16604 12341 1.56909906655168915491
16724 12341 .41421712600674710512
16756 12341 .65282005921518628700
16762 12341 .44527547949764018878
16901 12341 .67708980309446254071
16957 12341 .77094806841998902970
16963 12341 .70564876537911301859
17310 12341 .50332474321069078689
17394 12341 .12019983250927070457
17413 12341 .27152845587657232704
18576 12341 .64591243732590529247
18617 12341 .45749905848195769390
19111 2 .14354209957481826909
19407 12341 .37398343734481046184
19823 2 .04949534559139358615
19905 2 .13649850088353413654
19912 2 .14810069537171423963
19919 2 .13054090460526315789
19941 2 .02728800000000000000
19942 2 .03040933333333333333
19975 2 .00417650000000000000
20015 12336 .66482069419701955444
20027 20015 .07525583928571428571
20109 1534 .29894023179396092362
21941 1174 1.02485304000000000000
21967 21941 3.30698450000000000000
22036 21967 .05341165889752127266
22214 21967 2.15520732775919732441
22228 1174 .45452988888888888888
22259 1174 .16961500000000000000
22261 1174 .12467799523809523809
22262 22228 .05602074618684461391
22334 21967 3.07240469047619047619
22335 21967 3.01003003571428571428
22348 22334 1.24507962394957983193
22366 21967 1.29285248837209302325
22380 22335 .66202338560448963544
22747 12341 .53924795641931684334
23483 12341 .93378317019133937562
23496 12341 .60684002366127023661
23580 2 .00954994358688733290
23621 12341 1.89003116024490657658
23652 12341 .78334795245677888989
24021 1534 .25023568292682926829
24030 1174 .41853200000000000000
24031 24030 .19370151751704679050
24033 24021 2.45089270000000000000
24034 24033 .45721593172429933883
24042 24033 .34469374234693877551
24289 2 .03361636125654450261
24625 2 .12633947659176029962
24640 2 .03740557032520325203
25218 22214 1.43075238219584569732
25322 2 .03682086093552465233
25356 12341 .51661585085836909871
25421 2 .12077631227758007117
25485 12341 .62225979557479557479
25577 12341 .58608720789473684210
25592 12341 .30453799290780141843
25894 1174 .19723454897665033150
25896 25894 .50229872916666666666
25897 25894 .52097755000000000000
25922 25896 1.02053337589905753968
25938 25894 2.80388371428571428571
25949 25894 .93826462667100154908
26013 25949 .52138804838135894699
26026 25894 .84084773428749222153
26042 25949 .61917758801775147928
26054 26026 .40203637541073384446
26075 25949 .68352637070938215102
26122 26054 4.24527121247563352826
26127 1174 .33497000000000000000
26155 1174 .16752775000000000000
26157 1174 .15643964444444444444
26158 26127 .06610095553085047248
26224 2 .13410577508896797153
26240 2 .07625566928151185594
26269 2 .03991000070274068868
26283 2 .03841804201680672268
26430 2 .02760400000000000000
26532 2 .03877168411340379131
26539 2 .03844691548933984073
27987 2 .12785511510791366906
28024 2 .01521550000000000000
28029 26013 .55097843554687500000
28196 2 .03852951791044776119
28300 2 .04579394324045407636
28547 2 .04518615988156920799
28563 2 .15604700486618004866
28564 2 .04611055140798952193
28645 2 .03876350000000000000
28725 2 .02348846840633737185
28766 2 .04000289073634204275
28826 2 .03474181168057210965
28894 2 .04637433333333333333
28944 2 .02276300000000000000
28988 26122 5.94335216666666666666
29027 28988 .05092382778264680105
29028 28988 .05092382778264680105
29029 28988 .05092382778264680105
29030 28988 .05092382778264680105
29032 1174 .35960450000000000000
