1
526
558
901
902
968
969
971
972
973
976
978
984
986
992
994
995
999
1002
1005
1007
1010
1013
1016
1017
1018
1065
1103
1128
1169
1174
1175
1200
1202
1208
1213
1216
1217
1219
1225
1230
1242
1259
1285
1292
1336
1342
1347
1351
1381
1460
1472
1495
1500
1507
1514
1520
1534
1557
1561
1562
1564
1568
1581
1583
1592
1600
1603
1607
1628
1661
1674
1690
1693
1697
1698
1700
1703
1704
1708
1712
1713
1714
1715
1716
1720
1724
1725
1728
1729
1731
1738
1748
1767
1835
1869
1895
1954
2786
2790
2792
3052
3063
3720
5039
5040
5185
11818
12317
12324
12325
12328
12330
12336
12337
12338
12341
12366
12368
12531
12544
12557
12826
12965
13711
16724
37132
38925
38926
38928
39204
42803
42822
87083
87092
87131
87161
87163
87164
87694
87700
100239
103244
103263
103270
103682
103695
103784
103798
103818
103852
108464
108478
110344
149356
150608
156426
156493
157184
157185
157187
157196
157304
157399
158216
158217
158219
158228
159293
161552
161654
161656
161657
161689
161706
161767
161780
161800
161809
161869
161874
161902
161904
161905
164277
243059
243060
243062
243071
261868
264415
264440
264504
264562
264647
264648
264650
264659
268173
270509
271762
277388
277390
300748
302963
303026
304404
316974
319225
320273
320282
320283
320285
320286
320294
320398
321873
321893
321951
322623
323153
323161
323226
323227
